5920
6230
6258
6288  
6295  
6307  
6336
6351
6380  
6381  
6382  
6384  
6385  
6386  
6387  
6388  
6389  
6390  
6392  
6396  
6397  
6398
6399
6402  
6404  
6405  
6411  
6413  
6415  
6417
6570
6574  
6592  
6615  
6638  
6688  
6690  
6692  
6693  
6699  
6706  
6719  
6737  
6747  
6761  
6843  
6847  
6850  
6854  
6858  
6860  
6864  
6868  
6874  
6877  
6879  
6881  
6882  
6884  
6885  
6890  
6891  
6892  
6901  
6913  
6927  
6929  
6939
6966
6998  
7003  
7005  
7036  
7054  
7109  
7112  
7114  
7142
7188
7211  
7212  
7213  
7220
7221
7299  
7300  
7304  
7308  
7358  